9 9 - 1 2 1
7 7 0.78 1 1 2
8 8 1.14 0 3 2
18 18 2.25 2 3 4
23 25 1.33 4 1 0
25 25 1.04 4 2 1
34 36 1.40 5 4 1
49 56 1.51 9 5 1
69 75 1.36 15 1 0
89 100 1.32 17 5 1
111 116 1.20 20 6 0
136 142 1.22 25 4 1


1.8±0.37 1.8±0.48 1.6±0.25 2.3±0.45 4.2±0.95 3.4±0.72 3.6±0.81 3.6±0.57 4.7±0.45 4.5±0.47 4.5±0.37 4.8±0.35

3 –
3 0.67 
2 1.50 
5 1.67 
8 1.00 
6 1.20 
9 1.50 
8 1.56
8 1.14
9 1.38
9 1.18 
8 1.15

600 – 
400 0.67 
600 1.50 
1100 1.83 
1800 1.64 
2500 1.39 
3000 1.20 
4700 1.57 
5400 1.15 
7200 1.33 
8700 1.21 
10,900 1.25

163 260 97±4.9 59±6.8 81±7.1 44±6.8 41±3.6 39±3.7 33±3.5 27±3.2 28±3.4 25±2.7

1 0 
1 0 
0 0 
2 0 
4 2 
3 2 
5 0 
9 1 
11 2 
15 4 
20 5 
25 12






